40252027
40583039
40631414
40717626
40726340
40801429
40819013
40899458
40924640
40954079
40957967
40975680
40990967
41051727
41054283
41056520
41092388
41162588
41203296
41205496
41217723
41380172
41383020
41457049
41494715
41495707
41504894
41511813
41535502
41564340
41595520
41615502
41629993
41649386
41674141
41688614
41697505
41699400
41708914
41715954
41751985
41758221
41765118
41776480
41793471
41808101
41826152
41833451
41833579
41838173
41839840
41840602
41843224
41843397
41845931
41851873
41858864
41871837
41872717
41897287
41951984
41954843
41956113
42017525
42017836
42023422
42026842
42039119
42040894
42051465
42051466
42074212
42074495
42074575
42091195
42104542
42105147
42125235
42137361
42157730
42164325
42202558
42234462
42249392
42252530
42253502
42253511
42257793
42265826
42274615
42278264
42281160
42309484
42309798
42313205
42334730
42342639
42350697
42351351
42353758
42353838
42376998
42388363
42411594
42418840
42440509
42446524
42483680
42485798
42510869
42510883
42539507
42543387
42560893
42572047
42589462
42589632
